[[0, 1], [0, 2], [0, 3], [0, 5], [0, 6], [1, 1], [1, 2], [1, 4], [1, 5], [1, 7], [2, 1], [2, 3], [2, 5], [2, 6]]

[1, 1, 1, 1, 1, 0, 1, 0, 1, 0, 1, 0, 1, 1, 1, 1, 0, 1, 0, 1, 0]

vracanje matrike z informacijo o polnih in praznih poljih stolpa, 
na zacetku 18x3

[[1, 0, 1],    # zadnja, osemnajsta vrstica
[1, 1, 0],
[0, 0 ,1],
[1, 0, 1],    # petnajsta
[1, 0, 1],
[1, 1, 0],
[0, 0 ,1],
[1, 0, 1],
[1, 1, 0],    # deseta
[1, 0, 1],
[1, 1, 0],
[0, 0 ,1],
[1, 0, 1],
[0, 1, 1],    # peta
[0, 0 ,1],
[1, 1, 0],
[0, 0 ,1],
[1, 0, 1]]    # prva vrstica